[
  {
    "frame_id": 0,
    "confidence": 0.8132,
    "bbox": [
      262.15,
      184.42,
      458.59,
      445.57
    ],
    "pose_3d": [
      [
        -0.995670781810178,
        -0.006331466427025881,
        -0.09273406484346827,
        -3.3137542738554814e-05
      ],
      [
        -0.09272912018502676,
        -0.0010707420732134487,
        0.9956907972765057,
        0.00012338529458625442
      ],
      [
        -0.006403477119502829,
        0.9999793828096137,
        0.00047899528589412377,
        -9.082741212033759e-05
      ],
      [
        0.0,
        0.0,
        0.0,
        1.0
      ]
    ]
  },
  {
    "frame_id": 1,
    "confidence": 0.7815,
    "bbox": [
      262.74,
      182.91,
      457.23,
      428.38
    ],
    "pose_3d": [
      [
        -0.911095300358805,
        0.29110714783493735,
        0.2918252596049677,
        -1.4006979217826288e-06
      ],
      [
        0.4121953737124006,
        0.6444299271339091,
        0.6440536025085788,
        4.575029292782771e-06
      ],
      [
        -0.0005723235039746255,
        0.7070832323663121,
        -0.7071300976144451,
        0.007869782138242722
      ],
      [
        0.0,
        0.0,
        0.0,
        1.0
      ]
    ]
  },
  {
    "frame_id": 2,
    "confidence": 0.839,
    "bbox": [
      262.35,
      181.76,
      458.15,
      438.84
    ],
    "pose_3d": [
      [
        -0.9951084188356577,
        -0.009265811849610582,
        0.09835334002038153,
        0.0001233698411261975
      ],
      [
        0.09839941598779609,
        -0.004654351703209381,
        0.995136117294254,
        -0.00019131271051810335
      ],
      [
        -0.008762972991960369,
        0.9999462394253954,
        0.005543335038739938,
        1.3413367558697239e-05
      ],
      [
        0.0,
        0.0,
        0.0,
        1.0
      ]
    ]
  },
  {
    "frame_id": 3,
    "confidence": 0.8078,
    "bbox": [
      255.52,
      185.08,
      454.95,
      444.23
    ],
    "pose_3d": [
      [
        -0.9899298680674785,
        -0.0995427320843002,
        -0.10064840186062438,
        -1.8489440236627655e-06
      ],
      [
        -0.14155648511669594,
        0.7000466203108002,
        0.6999260610327587,
        2.7478163414422995e-06
      ],
      [
        0.0007860211900099015,
        0.7071251472551514,
        -0.7070879777581212,
        0.007869726773147604
      ],
      [
        0.0,
        0.0,
        0.0,
        1.0
      ]
    ]
  },
  {
    "frame_id": 4,
    "confidence": 0.7676,
    "bbox": [
      259.67,
      183.21,
      449.45,
      444.75
    ],
    "pose_3d": [
      [
        -0.9300424179614479,
        0.08699470636000978,
        0.35700563280956665,
        0.005202484172348148
      ],
      [
        0.36489978803734174,
        0.3329749847186252,
        0.8694686907772667,
        0.0030854118258685035
      ],
      [
        -0.04323477168583814,
        0.9389140432526116,
        -0.34142520981952484,
        0.002818661958313104
      ],
      [
        0.0,
        0.0,
        0.0,
        1.0
      ]
    ]
  },
  {
    "frame_id": 5,
    "confidence": 0.76,
    "bbox": [
      251.15,
      181.07,
      447.7,
      438.03
    ],
    "pose_3d": [
      [
        -0.8811041987897067,
        -0.16016040974049334,
        0.4449764421032941,
        -0.0026754636309810342
      ],
      [
        0.3428113958669666,
        0.4318684215312292,
        0.8342481725169472,
        0.007209555194524051
      ],
      [
        -0.3257848028053042,
        0.8876025628826684,
        -0.3256162659100855,
        0.004166983631252695
      ],
      [
        0.0,
        0.0,
        0.0,
        1.0
      ]
    ]
  },
  {
    "frame_id": 6,
    "confidence": 0.7698,
    "bbox": [
      260.92,
      183.93,
      448.92,
      443.18
    ],
    "pose_3d": [
      [
        -0.9944289548607078,
        0.02015929872724391,
        -0.10346330948440646,
        0.0018990913507580904
      ],
      [
        -0.08488687119728566,
        0.4287551666620163,
        0.8994238301040075,
        0.004940584787687476
      ],
      [
        0.062492182174858996,
        0.9031957759729908,
        -0.42465529248034994,
        0.0032619977228498576
      ],
      [
        0.0,
        0.0,
        0.0,
        1.0
      ]
    ]
  },
  {
    "frame_id": 7,
    "confidence": 0.789,
    "bbox": [
      260.94,
      182.91,
      458.15,
      444.16
    ],
    "pose_3d": [
      [
        -0.9562806391169839,
        -0.20644041502600363,
        -0.20714655269616256,
        -5.9025336913868506e-05
      ],
      [
        -0.29244687790763335,
        0.6785904445341228,
        0.6737876758957966,
        0.00011533072094112727
      ],
      [
        0.0014706638264653377,
        0.7049094719401015,
        -0.7092957588460802,
        0.007861930073895905
      ],
      [
        0.0,
        0.0,
        0.0,
        1.0
      ]
    ]
  },
  {
    "frame_id": 8,
    "confidence": 0.8067,
    "bbox": [
      262.43,
      183.77,
      462.14,
      446.49
    ],
    "pose_3d": [
      [
        -0.9847230380000229,
        -0.12249683153809535,
        -0.1237540492070177,
        2.0374872003380567e-05
      ],
      [
        -0.17412443948245457,
        0.6972309676173889,
        0.6953773489050681,
        -0.0001281425037765824
      ],
      [
        0.00110363351094743,
        0.7063027000220565,
        -0.7079090887498383,
        0.007888173635970476
      ],
      [
        0.0,
        0.0,
        0.0,
        1.0
      ]
    ]
  },
  {
    "frame_id": 9,
    "confidence": 0.8172,
    "bbox": [
      261.95,
      183.58,
      460.6,
      444.98
    ],
    "pose_3d": [
      [
        -0.9804102513526888,
        0.10105800125322939,
        -0.1690651336771124,
        0.0021659966341218803
      ],
      [
        -0.10910357970254264,
        0.43599888822259547,
        0.8933092288590508,
        0.005648653033927882
      ],
      [
        0.1639882554899848,
        0.8942551368884405,
        -0.4164319898974962,
        0.003125593648392616
      ],
      [
        0.0,
        0.0,
        0.0,
        1.0
      ]
    ]
  },
  {
    "frame_id": 10,
    "confidence": 0.8165,
    "bbox": [
      260.85,
      183.7,
      455.26,
      443.32
    ],
    "pose_3d": [
      [
        -0.9904163700500848,
        0.05411122088092263,
        -0.12707237981398445,
        0.0018679063041174763
      ],
      [
        -0.09254059435598144,
        0.4229933139639681,
        0.9013949715513292,
        0.005077168938746764
      ],
      [
        0.10252634945737227,
        0.9045156892594821,
        -0.4139320180300007,
        0.0036507706980548394
      ],
      [
        0.0,
        0.0,
        0.0,
        1.0
      ]
    ]
  },
  {
    "frame_id": 11,
    "confidence": 0.7819,
    "bbox": [
      257.32,
      184.85,
      451.55,
      445.84
    ],
    "pose_3d": [
      [
        -0.9830083119103072,
        -0.130352227425546,
        -0.12923991457923076,
        -2.1785417651946294e-05
      ],
      [
        -0.18354824337022044,
        0.689698725589761,
        0.7004467933223518,
        0.00020327416791022894
      ],
      [
        -0.0021681953220245853,
        0.712266779181128,
        -0.7019055023320359,
        0.007834823373790302
      ],
      [
        0.0,
        0.0,
        0.0,
        1.0
      ]
    ]
  },
  {
    "frame_id": 12,
    "confidence": 0.8129,
    "bbox": [
      260.62,
      184.94,
      449.23,
      446.85
    ],
    "pose_3d": [
      [
        -0.9895717039370814,
        0.0018909577353458246,
        -0.14402870216003646,
        0.00012977908843927387
      ],
      [
        -0.14403032504902508,
        -0.0007513950451241147,
        0.9895729891583326,
        0.00032340133762439824
      ],
      [
        0.0017630182453795828,
        0.9999979298400213,
        0.0010159145324083463,
        2.2602927246624695e-05
      ],
      [
        0.0,
        0.0,
        0.0,
        1.0
      ]
    ]
  },
  {
    "frame_id": 13,
    "confidence": 0.8197,
    "bbox": [
      256.07,
      184.68,
      451.18,
      444.87
    ],
    "pose_3d": [
      [
        -0.9949242648013352,
        -0.07176671380653077,
        -0.07053542442584518,
        -9.337499792430029e-05
      ],
      [
        -0.10061402241438894,
        0.6984190453397577,
        0.7085814389329554,
        0.00042968878577926404
      ],
      [
        -0.0015892775463877476,
        0.7120817199564333,
        -0.7020947929594465,
        0.00782852510648099
      ],
      [
        0.0,
        0.0,
        0.0,
        1.0
      ]
    ]
  },
  {
    "frame_id": 14,
    "confidence": 0.7769,
    "bbox": [
      262.89,
      185.39,
      450.65,
      443.88
    ],
    "pose_3d": [
      [
        -0.9881181631826487,
        0.14121759896615502,
        0.060663706866483785,
        0.0021784750945586656
      ],
      [
        0.1189182591902109,
        0.4524069780399108,
        0.8838474833657479,
        0.0036913424425068053
      ],
      [
        0.09737013515302462,
        0.8805597742135569,
        -0.4638249031878857,
        0.006045202411771454
      ],
      [
        0.0,
        0.0,
        0.0,
        1.0
      ]
    ]
  },
  {
    "frame_id": 15,
    "confidence": 0.8148,
    "bbox": [
      262.62,
      183.51,
      459.02,
      444.56
    ],
    "pose_3d": [
      [
        -0.9866297898448836,
        -0.11669222275184551,
        -0.11377426308209837,
        6.506317974448289e-05
      ],
      [
        -0.1629754495788954,
        0.7099017617237954,
        0.6851850053350612,
        -0.0005947524293273651
      ],
      [
        0.0008127885320247802,
        0.6945663494949095,
        -0.7194281934454038,
        0.008015060007891324
      ],
      [
        0.0,
        0.0,
        0.0,
        1.0
      ]
    ]
  },
  {
    "frame_id": 16,
    "confidence": 0.8099,
    "bbox": [
      264.18,
      184.78,
      460.72,
      435.96
    ],
    "pose_3d": [
      [
        -0.999278491420397,
        -0.026995400861235225,
        -0.0267160048831523,
        -1.7757902092951092e-06
      ],
      [
        -0.03798014098248012,
        0.7088907438412955,
        0.7042949823668243,
        -7.598945368697785e-05
      ],
      [
        -7.399679946349519e-05,
        0.704801505126426,
        -0.7094045622182015,
        0.007871187159027324
      ],
      [
        0.0,
        0.0,
        0.0,
        1.0
      ]
    ]
  },
  {
    "frame_id": 17,
    "confidence": 0.7977,
    "bbox": [
      261.83,
      176.84,
      459.83,
      432.99
    ],
    "pose_3d": [
      [
        -0.995025288328898,
        -0.07035498474560017,
        -0.07053262867240709,
        -1.8772462128598531e-06
      ],
      [
        -0.09962261873995315,
        0.7033909001736929,
        0.7037873083455228,
        1.7091361318332536e-05
      ],
      [
        9.706383070496455e-05,
        0.7073128145836809,
        -0.706900681075018,
        0.00787154035416647
      ],
      [
        0.0,
        0.0,
        0.0,
        1.0
      ]
    ]
  },
  {
    "frame_id": 18,
    "confidence": 0.7961,
    "bbox": [
      266.87,
      107.47,
      444.92,
      329.42
    ],
    "pose_3d": [
      [
        0.7546979551709107,
        -0.033568061195256904,
        -0.6552130811640117,
        -0.0007904825054680391
      ],
      [
        0.6545926333841192,
        -0.02851094899082847,
        0.7554439821104452,
        0.000883584168150011
      ],
      [
        -0.04403953655626269,
        -0.999029684771796,
        0.0004562506720421078,
        -2.452709177965963e-06
      ],
      [
        0.0,
        0.0,
        0.0,
        1.0
      ]
    ]
  },
  {
    "frame_id": 19,
    "confidence": 0.7471,
    "bbox": [
      260.94,
      52.15,
      450.35,
      296.32
    ],
    "pose_3d": [
      [
        -0.9997266341555209,
        0.022065724341631943,
        -0.007730508996973716,
        -0.0005721567764814826
      ],
      [
        -0.008227710465933027,
        -0.02253162210656623,
        0.9997122739997426,
        0.0005741509329011537
      ],
      [
        0.021885194551613113,
        0.9995025911995059,
        0.02270701312176615,
        0.00016231403960747528
      ],
      [
        0.0,
        0.0,
        0.0,
        1.0
      ]
    ]
  },
  {
    "frame_id": 20,
    "confidence": 0.7997,
    "bbox": [
      251.67,
      36.34,
      446.08,
      301.21
    ],
    "pose_3d": [
      [
        -0.9953892922007371,
        3.0001237582427676e-06,
        -0.0959174486895626,
        -1.256664218614363e-06
      ],
      [
        -0.09591741999059304,
        -0.0008053354933057477,
        0.9953889691859616,
        1.9630038829905515e-05
      ],
      [
        -7.42594357618781e-05,
        0.9999996757128187,
        0.0008019100907959986,
        -2.054638920731784e-06
      ],
      [
        0.0,
        0.0,
        0.0,
        1.0
      ]
    ]
  },
  {
    "frame_id": 21,
    "confidence": 0.8153,
    "bbox": [
      253.26,
      37.41,
      444.06,
      291.36
    ],
    "pose_3d": [
      [
        -0.9904057494466336,
        -0.0006522640342093156,
        -0.13818837148863705,
        1.9103162993553376e-06
      ],
      [
        -0.1381885453057165,
        0.00022917739689776173,
        0.990405913463773,
        -7.757967512079913e-06
      ],
      [
        -0.0006143365053613431,
        0.9999997610146467,
        -0.00031711402957324,
        0.0001253205490755384
      ],
      [
        0.0,
        0.0,
        0.0,
        1.0
      ]
    ]
  },
  {
    "frame_id": 22,
    "confidence": 0.5525,
    "bbox": [
      257.99,
      41.46,
      447.8,
      303.02
    ],
    "pose_3d": [
      [
        -0.9913448983781666,
        -0.0013703233044327079,
        0.13127610092329753,
        8.410279442517678e-06
      ],
      [
        0.1312680357572016,
        0.004877980964815287,
        0.9913349121715388,
        1.2633889884057646e-05
      ],
      [
        -0.0019988116540854417,
        0.9999871636754883,
        -0.004655881895330394,
        1.4544965611973093e-05
      ],
      [
        0.0,
        0.0,
        0.0,
        1.0
      ]
    ]
  },
  {
    "frame_id": 23,
    "confidence": 0.7974,
    "bbox": [
      263.55,
      93.82,
      461.1,
      354.64
    ],
    "pose_3d": [
      [
        -0.8217398713987609,
        0.5685729398533109,
        0.03831965318359261,
        -0.002477788610110804
      ],
      [
        0.5224832841875161,
        0.7248689695103397,
        0.44897237641712984,
        -0.003305168615087354
      ],
      [
        0.22749681645723052,
        0.3889598811028985,
        -0.8927235907010882,
        0.07174649588120684
      ],
      [
        0.0,
        0.0,
        0.0,
        1.0
      ]
    ]
  },
  {
    "frame_id": 24,
    "confidence": 0.8029,
    "bbox": [
      270.2,
      140.27,
      466.31,
      395.63
    ],
    "pose_3d": [
      [
        -0.9979363453941342,
        0.02303561390706358,
        -0.05993672524691243,
        -0.0005959645479972548
      ],
      [
        -0.060408276576790966,
        -0.020350395939735866,
        0.9979662827501325,
        0.0005466668609116501
      ],
      [
        0.021769029891593683,
        0.9995274993100591,
        0.021699941487437258,
        0.00016190907062461736
      ],
      [
        0.0,
        0.0,
        0.0,
        1.0
      ]
    ]
  },
  {
    "frame_id": 25,
    "confidence": 0.7698,
    "bbox": [
      264.87,
      178.41,
      465.36,
      433.45
    ],
    "pose_3d": [
      [
        0.9722424755871509,
        -0.016299048743975877,
        -0.23340717571276537,
        0.00040731628833188236
      ],
      [
        0.23293384617079693,
        -0.026603827296609726,
        0.9721286230130516,
        0.000650694511848643
      ],
      [
        -0.02205429600435571,
        -0.999513170189975,
        -0.022068770798089266,
        -0.00016637511534065417
      ],
      [
        0.0,
        0.0,
        0.0,
        1.0
      ]
    ]
  },
  {
    "frame_id": 26,
    "confidence": 0.8116,
    "bbox": [
      261.1,
      208.14,
      450.69,
      471.02
    ],
    "pose_3d": [
      [
        -0.561139121867874,
        -7.185686297733751e-05,
        0.8277214995068949,
        4.5643030655917415e-06
      ],
      [
        0.8277212532551039,
        0.0007275253220597744,
        0.5611390180843835,
        1.8030724997654615e-05
      ],
      [
        -0.00064251004003818,
        0.9999997327717128,
        -0.0003487654676785912,
        -1.792055692412924e-06
      ],
      [
        0.0,
        0.0,
        0.0,
        1.0
      ]
    ]
  },
  {
    "frame_id": 27,
    "confidence": 0.8446,
    "bbox": [
      255.73,
      217.75,
      440.3,
      481.35
    ],
    "pose_3d": [
      [
        -0.9922023379173743,
        0.018724748854526428,
        0.12322298653916555,
        -0.0005376536543876625
      ],
      [
        0.12273574358322945,
        -0.025262202833339242,
        0.9921178147554246,
        0.0007117637670085127
      ],
      [
        0.02169004099507915,
        0.9995054801692396,
        0.022767020738112986,
        0.0001616626184461874
      ],
      [
        0.0,
        0.0,
        0.0,
        1.0
      ]
    ]
  },
  {
    "frame_id": 28,
    "confidence": 0.8069,
    "bbox": [
      254.67,
      221.91,
      440.59,
      483.31
    ],
    "pose_3d": [
      [
        -0.9754850197687819,
        0.0024676471985356774,
        -0.22005200958864923,
        -0.0005541368311093436
      ],
      [
        -0.20838541460494284,
        0.3110824427924874,
        0.9272557536980751,
        0.0032890930735659705
      ],
      [
        0.07074245674717199,
        0.9503797264796651,
        -0.3029420411725847,
        0.003470236424219804
      ],
      [
        0.0,
        0.0,
        0.0,
        1.0
      ]
    ]
  },
  {
    "frame_id": 29,
    "confidence": 0.6996,
    "bbox": [
      262.7,
      226.39,
      448.31,
      480.98
    ],
    "pose_3d": [
      [
        -0.9749714953388204,
        0.15650604982588343,
        0.15791275960061812,
        -1.3732871220981894e-07
      ],
      [
        0.22232766428736725,
        0.6894941644964607,
        0.6893244568545727,
        3.2176260478161025e-05
      ],
      [
        -0.0009964784534768206,
        0.7071800714763008,
        -0.7070327810911357,
        0.007876001576605327
      ],
      [
        0.0,
        0.0,
        0.0,
        1.0
      ]
    ]
  },
  {
    "frame_id": 30,
    "confidence": 0.7927,
    "bbox": [
      263.93,
      217.92,
      459.4,
      479.76
    ],
    "pose_3d": [
      [
        -0.9692331216440018,
        0.17418698659911525,
        0.17391391435921205,
        -1.2607150028142212e-05
      ],
      [
        0.2461445802586214,
        0.6860005466877019,
        0.6847014645474931,
        -8.137845998110494e-05
      ],
      [
        -3.895549748884897e-05,
        0.7064433053286687,
        -0.707769634018566,
        0.007900539249607293
      ],
      [
        0.0,
        0.0,
        0.0,
        1.0
      ]
    ]
  },
  {
    "frame_id": 31,
    "confidence": 0.8097,
    "bbox": [
      267.15,
      214.25,
      466.88,
      467.74
    ],
    "pose_3d": [
      [
        -0.70657611952139,
        0.0003014512065134256,
        0.707636980696504,
        5.274125501368648e-06
      ],
      [
        0.628277281713651,
        0.46039547985497986,
        0.6271392663608367,
        0.007698763260785735
      ],
      [
        -0.3256038154023996,
        0.8877138678967863,
        -0.3254938465457174,
        0.004164908575595178
      ],
      [
        0.0,
        0.0,
        0.0,
        1.0
      ]
    ]
  },
  {
    "frame_id": 32,
    "confidence": 0.8259,
    "bbox": [
      268.54,
      201.9,
      467.13,
      459.9
    ],
    "pose_3d": [
      [
        -0.9953483769393038,
        -0.00022021149018870007,
        -0.09634085338626175,
        6.306464599615486e-05
      ],
      [
        -0.09634089439587235,
        0.00018387143207909684,
        0.9953483803464495,
        0.00011211323316513035
      ],
      [
        -0.00020147281941316347,
        0.9999999588490974,
        -0.00020423150340609375,
        0.00012788133962306024
      ],
      [
        0.0,
        0.0,
        0.0,
        1.0
      ]
    ]
  },
  {
    "frame_id": 33,
    "confidence": 0.8233,
    "bbox": [
      263.93,
      198.81,
      457.37,
      451.47
    ],
    "pose_3d": [
      [
        -0.9960118051227914,
        0.05755217349512956,
        -0.06817793911541517,
        0.0012999630726212017
      ],
      [
        -0.038259697060044964,
        0.4148152364647869,
        0.9091009378377825,
        0.004145513862258877
      ],
      [
        0.08060198283486789,
        0.9080837334313662,
        -0.4109589437406599,
        0.0039763570813009345
      ],
      [
        0.0,
        0.0,
        0.0,
        1.0
      ]
    ]
  },
  {
    "frame_id": 34,
    "confidence": 0.7962,
    "bbox": [
      263.01,
      190.12,
      447.72,
      447.53
    ],
    "pose_3d": [
      [
        -0.9998569204925467,
        -0.007662063745921982,
        -0.01508082631405058,
        0.00012478447250028
      ],
      [
        -0.015020161975865866,
        -0.007914290810500435,
        0.9998558689807173,
        -0.0002341715446405997
      ],
      [
        -0.007780313449976519,
        0.9999393265494263,
        0.007798072999136041,
        -2.5575810594145512e-05
      ],
      [
        0.0,
        0.0,
        0.0,
        1.0
      ]
    ]
  },
  {
    "frame_id": 35,
    "confidence": 0.858,
    "bbox": [
      255.0,
      183.54,
      441.75,
      443.23
    ],
    "pose_3d": [
      [
        -0.9960486081614014,
        -6.989526198503127e-05,
        -0.08880971396411261,
        -5.110471197845276e-06
      ],
      [
        -0.08880973666704554,
        0.0004550765217293806,
        0.9960485046314212,
        1.9806722129224073e-05
      ],
      [
        -2.9203855454476568e-05,
        0.9999998940100007,
        -0.0004594857158857213,
        -2.61241389871648e-06
      ],
      [
        0.0,
        0.0,
        0.0,
        1.0
      ]
    ]
  },
  {
    "frame_id": 36,
    "confidence": 0.8058,
    "bbox": [
      256.41,
      184.3,
      441.54,
      443.95
    ],
    "pose_3d": [
      [
        -0.9969013431228867,
        0.0006271961800469461,
        -0.0786595112159757,
        -1.062671413747263e-06
      ],
      [
        -0.07865762322565323,
        0.0026143727992078425,
        0.9968982612901669,
        5.841065718701713e-05
      ],
      [
        0.0008308960678986635,
        0.999996385833378,
        -0.0025569379941354775,
        1.2055674785024697e-05
      ],
      [
        0.0,
        0.0,
        0.0,
        1.0
      ]
    ]
  },
  {
    "frame_id": 37,
    "confidence": 0.7459,
    "bbox": [
      264.47,
      184.52,
      448.38,
      442.05
    ],
    "pose_3d": [
      [
        -0.9948791702517991,
        0.0003493108662613806,
        -0.10107083941973824,
        -3.4425792458215778e-06
      ],
      [
        -0.10107065954304148,
        0.0004991156081319836,
        0.9948791246493939,
        1.896514244382234e-05
      ],
      [
        0.00039796812233804796,
        0.999999814432747,
        -0.00046125464243962355,
        -2.31118736688583e-06
      ],
      [
        0.0,
        0.0,
        0.0,
        1.0
      ]
    ]
  },
  {
    "frame_id": 38,
    "confidence": 0.7875,
    "bbox": [
      265.81,
      182.66,
      461.27,
      440.47
    ],
    "pose_3d": [
      [
        -0.9582334071371452,
        -0.19856820748154216,
        -0.2058140044406726,
        0.0004304035588376799
      ],
      [
        -0.2853659791417532,
        0.7112926896344177,
        0.6423620222437691,
        -0.0015673215763690822
      ],
      [
        0.018841321471872216,
        0.6742650640884513,
        -0.7382490284145251,
        0.007855675893392913
      ],
      [
        0.0,
        0.0,
        0.0,
        1.0
      ]
    ]
  },
  {
    "frame_id": 39,
    "confidence": 0.8486,
    "bbox": [
      269.9,
      180.56,
      468.4,
      441.1
    ],
    "pose_3d": [
      [
        -0.9950469004435202,
        0.009270236920183618,
        -0.09897337331417413,
        -0.0006029355372755597
      ],
      [
        -0.09875194736043474,
        0.02189199351589166,
        0.9948712446906995,
        -0.00054419464872208
      ],
      [
        0.01138941659020061,
        0.9997173617214734,
        -0.020868106344157367,
        9.708506357871373e-05
      ],
      [
        0.0,
        0.0,
        0.0,
        1.0
      ]
    ]
  },
  {
    "frame_id": 40,
    "confidence": 0.8058,
    "bbox": [
      268.01,
      183.88,
      464.21,
      444.21
    ],
    "pose_3d": [
      [
        -0.9993227463410461,
        -0.022066040336659022,
        -0.029447215645119568,
        -0.0002732689453625802
      ],
      [
        -0.03669975060742602,
        0.6559279259345762,
        0.7539308219488838,
        0.002031230016577298
      ],
      [
        0.0026789831544769046,
        0.7545009250113799,
        -0.6562935145239748,
        0.007848341594026953
      ],
      [
        0.0,
        0.0,
        0.0,
        1.0
      ]
    ]
  },
  {
    "frame_id": 41,
    "confidence": 0.7956,
    "bbox": [
      263.51,
      185.99,
      451.43,
      446.8
    ],
    "pose_3d": [
      [
        -0.9958962880741796,
        -0.000993071344545196,
        -0.09049639335009596,
        -8.074879026326147e-05
      ],
      [
        -0.09049537908641124,
        -0.00102280534036292,
        0.9958963501455574,
        -0.00012806946369345703
      ],
      [
        -0.001081556321868772,
        0.9999989838387541,
        0.0009287396741056719,
        -9.663657770655199e-05
      ],
      [
        0.0,
        0.0,
        0.0,
        1.0
      ]
    ]
  },
  {
    "frame_id": 42,
    "confidence": 0.8264,
    "bbox": [
      255.69,
      184.49,
      441.91,
      447.04
    ],
    "pose_3d": [
      [
        -0.9917067093260792,
        -0.00907603292868503,
        -0.1282007344125488,
        0.0001405558666006074
      ],
      [
        -0.12826109987584444,
        0.006412369601801027,
        0.9917197042384147,
        0.0003631194347590006
      ],
      [
        -0.008178810199418053,
        0.9999382516647553,
        -0.007523291922727049,
        -1.7118905181476873e-05
      ],
      [
        0.0,
        0.0,
        0.0,
        1.0
      ]
    ]
  },
  {
    "frame_id": 43,
    "confidence": 0.821,
    "bbox": [
      253.76,
      184.86,
      440.54,
      447.33
    ],
    "pose_3d": [
      [
        -0.9887838633210765,
        -0.05993480675446806,
        -0.13680018485057477,
        0.0010300049350654267
      ],
      [
        -0.1452152354193991,
        0.5999204344577705,
        0.78677061950869,
        0.001479417836728757
      ],
      [
        0.0349142812891137,
        0.7978115637538127,
        -0.6018950919410796,
        0.007364265318603524
      ],
      [
        0.0,
        0.0,
        0.0,
        1.0
      ]
    ]
  },
  {
    "frame_id": 44,
    "confidence": 0.8516,
    "bbox": [
      260.58,
      185.01,
      444.71,
      447.87
    ],
    "pose_3d": [
      [
        -0.9892001200874625,
        -0.006432710371583425,
        -0.1464299923384042,
        0.00011072481210028641
      ],
      [
        -0.14645796905992398,
        0.004115182111868454,
        0.989208334262823,
        0.0003238551895370004
      ],
      [
        -0.0057607046263572215,
        0.9999708423316461,
        -0.005012860335814495,
        8.808288378015136e-06
      ],
      [
        0.0,
        0.0,
        0.0,
        1.0
      ]
    ]
  },
  {
    "frame_id": 45,
    "confidence": 0.7585,
    "bbox": [
      265.62,
      185.32,
      455.78,
      446.01
    ],
    "pose_3d": [
      [
        -0.9956012661666751,
        -0.00014504489796609427,
        -0.09369150318620653,
        -3.7225716967962995e-06
      ],
      [
        -0.09369156370178397,
        0.0004901860785609946,
        0.9956011503653077,
        1.903531724550726e-05
      ],
      [
        -9.848059672838e-05,
        0.9999998693397849,
        -0.0005016193637691346,
        -2.3316085447204213e-06
      ],
      [
        0.0,
        0.0,
        0.0,
        1.0
      ]
    ]
  },
  {
    "frame_id": 46,
    "confidence": 0.8361,
    "bbox": [
      267.83,
      183.97,
      466.27,
      444.4
    ],
    "pose_3d": [
      [
        -0.9960179755651232,
        -0.004934602941278753,
        -0.0890159651128124,
        -0.0003166600981790275
      ],
      [
        -0.08905559618519543,
        0.008496399482281536,
        0.9959904176165231,
        -0.000175240262848821
      ],
      [
        -0.004158502044356624,
        0.999951729279793,
        -0.008902020618808293,
        -4.838148486865807e-06
      ],
      [
        0.0,
        0.0,
        0.0,
        1.0
      ]
    ]
  },
  {
    "frame_id": 47,
    "confidence": 0.8476,
    "bbox": [
      268.33,
      184.42,
      468.06,
      445.26
    ],
    "pose_3d": [
      [
        -0.9967638280112379,
        -0.00023032850551725492,
        -0.08038543473268743,
        -4.630185933465823e-06
      ],
      [
        -0.0803855361288865,
        0.00047124340440740653,
        0.9967637350500496,
        2.0165989275625286e-05
      ],
      [
        -0.00019170199551966915,
        0.9999998624392072,
        -0.0004882334601039595,
        -2.5335854638663115e-06
      ],
      [
        0.0,
        0.0,
        0.0,
        1.0
      ]
    ]
  },
  {
    "frame_id": 48,
    "confidence": 0.8426,
    "bbox": [
      264.15,
      184.99,
      461.97,
      446.48
    ],
    "pose_3d": [
      [
        -0.9986091701011333,
        -0.0002513044993748305,
        -0.05272250217861907,
        -3.7731057176645188e-06
      ],
      [
        -0.052722617596516336,
        0.0004772014966849536,
        0.9986090816092663,
        1.92989011344997e-05
      ],
      [
        -0.00022579569837635413,
        0.9999998545623792,
        -0.0004897872215968713,
        -2.79726540933193e-06
      ],
      [
        0.0,
        0.0,
        0.0,
        1.0
      ]
    ]
  },
  {
    "frame_id": 49,
    "confidence": 0.7771,
    "bbox": [
      261.86,
      185.97,
      447.38,
      447.09
    ],
    "pose_3d": [
      [
        -0.9919617098949787,
        0.016984189597027556,
        -0.12539339458664714,
        -0.0009521353587403662
      ],
      [
        -0.12468918747435365,
        0.03759693328973868,
        0.9914832712326478,
        -0.000979990636802212
      ],
      [
        0.021553946952144437,
        0.9991486415498643,
        -0.035176973432132885,
        9.535240642619025e-05
      ],
      [
        0.0,
        0.0,
        0.0,
        1.0
      ]
    ]
  },
  {
    "frame_id": 50,
    "confidence": 0.827,
    "bbox": [
      248.61,
      185.0,
      440.4,
      447.68
    ],
    "pose_3d": [
      [
        -0.985502008132934,
        -0.006768010100995911,
        -0.16952871734672967,
        7.070839132592745e-05
      ],
      [
        -0.16956351115543894,
        0.004944958456881143,
        0.985506855922626,
        0.00024056705850041156
      ],
      [
        -0.005831607890957186,
        0.9999648700955114,
        -0.006020874045650104,
        6.612095631595454e-06
      ],
      [
        0.0,
        0.0,
        0.0,
        1.0
      ]
    ]
  },
  {
    "frame_id": 51,
    "confidence": 0.8428,
    "bbox": [
      254.44,
      186.24,
      440.79,
      448.18
    ],
    "pose_3d": [
      [
        -0.989263064672074,
        0.007126008469817632,
        -0.14597194552003437,
        -3.982849337214495e-06
      ],
      [
        -0.1459636110617888,
        0.0016787743778270414,
        0.9892885352425708,
        2.2667705520839533e-05
      ],
      [
        0.007294732443252655,
        0.9999732005008316,
        -0.0006206115571907311,
        0.00014684739450591413
      ],
      [
        0.0,
        0.0,
        0.0,
        1.0
      ]
    ]
  },
  {
    "frame_id": 52,
    "confidence": 0.7517,
    "bbox": [
      263.37,
      185.93,
      447.91,
      447.42
    ],
    "pose_3d": [
      [
        -0.9910909183131315,
        -0.0007428740885228186,
        -0.13318498329512407,
        -3.7206835926433342e-06
      ],
      [
        -0.13318534693621187,
        0.0004634150609079679,
        0.9910910395155242,
        1.905247417544178e-05
      ],
      [
        -0.0006745359254774902,
        0.9999996166922117,
        -0.0005582264014850624,
        -2.45850008414811e-06
      ],
      [
        0.0,
        0.0,
        0.0,
        1.0
      ]
    ]
  },
  {
    "frame_id": 53,
    "confidence": 0.7818,
    "bbox": [
      267.11,
      185.59,
      462.28,
      445.17
    ],
    "pose_3d": [
      [
        -0.99752782517592,
        -0.00012563292108377228,
        -0.0702724854844933,
        -3.9578060785225455e-06
      ],
      [
        -0.07027253822806162,
        0.0004814164057593828,
        0.997527713203613,
        1.9240618392535264e-05
      ],
      [
        -9.149199308605693e-05,
        0.9999998762272989,
        -0.0004890548044907961,
        -2.404352095488039e-06
      ],
      [
        0.0,
        0.0,
        0.0,
        1.0
      ]
    ]
  },
  {
    "frame_id": 54,
    "confidence": 0.8526,
    "bbox": [
      266.77,
      183.74,
      467.75,
      444.77
    ],
    "pose_3d": [
      [
        -0.9950394619598663,
        0.0019196625512260396,
        -0.09946247552876106,
        0.00011789794952043683
      ],
      [
        -0.09946373956573637,
        -0.0005743953596288875,
        0.9950410215571868,
        0.00015584640301086368
      ],
      [
        0.0018530122016161207,
        0.9999979924808149,
        0.0007624828656462856,
        9.970166984878104e-05
      ],
      [
        0.0,
        0.0,
        0.0,
        1.0
      ]
    ]
  },
  {
    "frame_id": 55,
    "confidence": 0.8395,
    "bbox": [
      266.84,
      183.99,
      466.2,
      445.78
    ],
    "pose_3d": [
      [
        -0.9692535684422385,
        0.0933982397258668,
        -0.22764948688300665,
        3.3839671423058996e-05
      ],
      [
        -0.19139388272447783,
        0.29529251617130203,
        0.936039909164599,
        0.004038267420418277
      ],
      [
        0.15464766961592255,
        0.9508307413569101,
        -0.2683374732925562,
        0.0034903050423114594
      ],
      [
        0.0,
        0.0,
        0.0,
        1.0
      ]
    ]
  },
  {
    "frame_id": 56,
    "confidence": 0.7881,
    "bbox": [
      261.58,
      184.86,
      454.82,
      446.96
    ],
    "pose_3d": [
      [
        -0.9891918784524751,
        0.12628775459706737,
        -0.07450389682757785,
        0.004304484995473088
      ],
      [
        0.0002467373450154575,
        0.509552075430252,
        0.8604397837997753,
        0.0004664841378210728
      ],
      [
        0.14662662351819347,
        0.8511216631384448,
        -0.5040759345694863,
        0.007173477340337566
      ],
      [
        0.0,
        0.0,
        0.0,
        1.0
      ]
    ]
  },
  {
    "frame_id": 57,
    "confidence": 0.8276,
    "bbox": [
      257.89,
      185.3,
      443.57,
      448.46
    ],
    "pose_3d": [
      [
        -0.9381922048792543,
        0.2725965947161363,
        0.21327560397985046,
        0.008297197134276863
      ],
      [
        0.282566449935166,
        0.24739270055857043,
        0.926797201701308,
        0.002993779744312267
      ],
      [
        0.19987893354438524,
        0.9297784404144378,
        -0.3091285552414321,
        0.00524217219681989
      ],
      [
        0.0,
        0.0,
        0.0,
        1.0
      ]
    ]
  },
  {
    "frame_id": 58,
    "confidence": 0.832,
    "bbox": [
      254.99,
      194.65,
      440.93,
      456.51
    ],
    "pose_3d": [
      [
        -0.9849097340988788,
        0.02851373189281868,
        -0.17070378663292826,
        -0.0009452897042037448
      ],
      [
        -0.16915300565187763,
        0.050030765458556226,
        0.9843191470181643,
        -0.0011554997156264404
      ],
      [
        0.036607053366963405,
        0.998340567943212,
        -0.0444526044525283,
        0.000189424405086092
      ],
      [
        0.0,
        0.0,
        0.0,
        1.0
      ]
    ]
  },
  {
    "frame_id": 59,
    "confidence": 0.7314,
    "bbox": [
      256.69,
      196.11,
      443.21,
      458.09
    ],
    "pose_3d": [
      [
        -0.9885844965826507,
        -0.0051052263298275585,
        -0.15058097416522626,
        -0.00019341754098169296
      ],
      [
        -0.15059366898771576,
        0.0021985812665614723,
        0.9885933001498809,
        -0.00019828813717425348
      ],
      [
        -0.004715928036516007,
        0.999984551332937,
        -0.002942298118621567,
        -8.136503430592815e-05
      ],
      [
        0.0,
        0.0,
        0.0,
        1.0
      ]
    ]
  },
  {
    "frame_id": 60,
    "confidence": 0.7308,
    "bbox": [
      260.7,
      196.26,
      453.23,
      454.81
    ],
    "pose_3d": [
      [
        -0.9804083209459451,
        -0.07887639522525722,
        -0.18049387384679205,
        0.0019735570396156137
      ],
      [
        -0.1878763859035192,
        0.649747045871095,
        0.7365671999224632,
        -0.0001842929713547697
      ],
      [
        0.05917759575873791,
        0.7560471484358995,
        -0.6518364223500867,
        0.0077891190808907365
      ],
      [
        0.0,
        0.0,
        0.0,
        1.0
      ]
    ]
  },
  {
    "frame_id": 61,
    "confidence": 0.7711,
    "bbox": [
      267.26,
      196.02,
      465.12,
      451.61
    ],
    "pose_3d": [
      [
        -0.9998693075029825,
        0.012026513118753836,
        0.010804207315235435,
        1.2387666561825624e-05
      ],
      [
        0.01614666969677939,
        0.7094682635480328,
        0.7045523884537211,
        -6.273383386427969e-05
      ],
      [
        0.0008080663396349925,
        0.7046347607096491,
        -0.709569729504047,
        0.007883137392200137
      ],
      [
        0.0,
        0.0,
        0.0,
        1.0
      ]
    ]
  },
  {
    "frame_id": 62,
    "confidence": 0.8343,
    "bbox": [
      266.1,
      189.84,
      468.27,
      452.59
    ],
    "pose_3d": [
      [
        -0.9670004669718272,
        0.0817623733541902,
        -0.2412985934060912,
        -0.003897634838990986
      ],
      [
        -0.18751466735202824,
        0.41276740046329896,
        0.891325598556795,
        -0.0017242071009736506
      ],
      [
        0.17247708950503052,
        0.9071592955034197,
        -0.38381462475733397,
        0.0016211028530474898
      ],
      [
        0.0,
        0.0,
        0.0,
        1.0
      ]
    ]
  },
  {
    "frame_id": 63,
    "confidence": 0.752,
    "bbox": [
      263.26,
      195.87,
      460.78,
      453.85
    ],
    "pose_3d": [
      [
        -0.9935759436564885,
        0.002336062440001861,
        -0.11314321455303826,
        0.0018560248638616814
      ],
      [
        -0.08939767449124397,
        0.5968255560723146,
        0.797375263859201,
        0.001395208118844389
      ],
      [
        0.06938948034591429,
        0.8023676205027527,
        -0.5927826765232557,
